1.025434745 12.157209724 57.762692305  0.092006717  0.978838566  2.115095740  2.221594129
0.586774286  1.761085433  1.214084916  1.681192050  0.129950762  2.495175173  2.778034499
27.959542247  2.670179836  0.175096249  0.953701453  1.939672702  0.436634770  4.672335063
0.977941104  0.708293864  2.717592577  0.304448781  1.322521500  3.085296597  0.939801184
4.269782756  0.546406545  0.112747779  1.435496080  0.549931146  0.903320417  0.019305603
2.390705236  3.401295270  2.717962368  9.713142393  0.880099450  0.772858557 14.252705738
37.986072072 16.852342653  1.453590737  0.189139935  1.704753232 10.943097755  0.721509148
58.259154702  0.472541945  2.533009148  1.327940355  0.387655849  0.963996865  0.470133198
5.425509282  0.104451338  0.943527569  0.364322883  5.584020796  0.012098630  0.029315155
10.170991103  0.540875425  4.248083598 25.148796271  1.848600754 10.954411988  0.651596995
1.011083215  0.261785545  0.979682449  1.077855525  1.283788250  8.909950344 10.288189167
0.671538995  3.209578724  0.225843130  0.494229187  2.893520835  0.003510879  0.671112213
0.237265406  1.146301463  0.207003313  0.797374006  2.104873646  0.985334494  1.892911574
0.141965584 10.389875286  0.832884060  1.800145492  0.755948591 15.002209313  0.646443079
0.011195050  0.010257032
